3386
3389
11992
11994
29377
29380
36110
36113
37374
37409
37418
37426
37427
37430
37468
37481
37489
37495
37508
37595
37606
37610
37613
37617
37620
37623
37644
37654
37657
37659
37675
37679
37683
37685
37690
37694
37695
37696
37701
37704
37711
37712
37713
37751
37774
37779
37781
37787
37788
37803
37812
37818
37900
37904
37922
37935
37989
38000
38015
38037
38042
38051
38055
38082
38086
38102
38110
38121
38320
38323
38327
38339
38348
38354
38358
38362
38374
38441
38450
38456
38460
38464
38490
38494
38499
38504
38784
38787
40265
40268
43342
43390
43403
43502
43504
43515
43553
43560
43684
43689
43708
43713
43716
43721
48392
58209
58212
65627
65628
65734
65745
69417
69429
81581
82893
82926
100903
100906
121879
121881
133701
133704
135728
135733
145374
145376
150608
150611
161604
161606
170933
170936
190414
192816
192819
194385
194673
194674
194723
194729
194735
194739
194742
194744
194745
194746
194747
194752
194759
194762
194766
194780
194782
194784
194792
194795
194797
194807
194809
194811
194812
194817
194821
194824
194830
194832
194837
194845
194847
194850
194883
194907
194908
194912
194920
194963
194974
194987
194993
195010
195018
195023
195073
195075
195077
195078
195083
195086
195092
195095
195103
195119
195121
195131
195140
195142
195156
195157
195158
195159
195163
195169
195178
195297
195304
195321
195330
195331
195343
195378
195408
195445
195461
195512
195562
195564
195565
195567
195593
195647
195651
195671
195676
195688
195692
195708
195710
195714
195724
195739
195755
195763
195768
195772
195773
195783
195784
195817
195821
195827
195845
195864
195884
195902
195925
196057
196102
196140
196149
196155
196164
196167
196169
196170
196252
196270
196284
196289
196304
196322
196324
196341
196346
196378
196382
196387
196389
196391
196395
196398
196403
196406
196409
196412
196419
196422
196545
196549
196553
196559
196561
196562
196571
196573
196610
196641
196646
196658
196663
196664
196667
196673
196713
196717
196731
196735
196736
196740
196744
196760
196767
196771
196777
196779
196781
196784
196787
196791
196795
196801
196808
196814
196818
196822
196826
196828
196836
196840
196843
196846
196854
196856
196867
196873
196875
196878
196885
196890
196895
196897
196899
196902
196905
196909
196912
196917
196923
196927
196933
196935
196941
197085
197103
198895
198898
198901
198904
198919
198925
198931
198944
198981
198991
199063
199082
200783
200787
200805
200811
201049
201057
206259
206261
215651
215653
222681
222691
227239
227320
231393
231404
246428
246431
253911
253969
253975
253981
253991
253995
253999
254000
254003
254011
254161
254175
254186
254198
254242
254324
254354
254376
254524
254829
254840
254883
255073
255110
255111
255125
255150
255172
255178
255250
255256
255260
255264
255266
255268
255270
255518
255522
255527
255529
255531
255538
255546
255683
255731
255737
255744
255841
255907
255910
255961
255981
256019
256068
256225
256230
256257
256278
256281
256317
256325
256473
256482
256516
256540
256543
256561
256682
256686
256692
256697
256698
256707
256741
256752
256815
256823
256832
256837
256841
256845
256883
256955
256965
256970
256976
256999
257006
257041
257049
257073
257075
257102
257107
257112
257125
257129
257134
257139
257150
257158
257167
257203
257211
257219
257268
257279
257340
257346
257357
257401
257402
257408
257414
257415
257418
257457
257477
257481
257502
257508
257517
257570
257701
257709
257717
257724
257735
257740
257746
257752
257758
257762
257768
257849
257923
257982
258112
258120
258165
258237
258286
258300
258310
258319
258326
258347
258367
258372
258375
258378
258398
258401
258406
258409
258415
258423
260913
260915
269483
269485
273870
273873
282442
282444
291007
291010
295572
295575
306958
306961
315201
315205
318937
318940
330322
330325
331512
331514
342816
342819
354225
354230
355625
355627
383724
389531
389534
399147
399149
407235
407237
417220
417221
417222
417230
417240
417244
417254
417319
418658
418659
418660
418661
418662
418663
418667
418677
418679
418680
418686
418687
418688
418692
418694
418698
418700
418702
418709
418732
424630
424635
433181
433186
437365
437367
448677
448682
461557
461562
472945
472949
484360
484366
495747
495751
500860
505507
514121
514124
521359
521361
529865
529867
538430
538432
546968
546970
555544
555546
555582
555584
564214
564217
572882
572885
575382
575386
584032
584035
587817
587820
599689
599691
599952
599995
599999
600000
600001
600002
600012
600022
600040
600048
600059
600071
600087
600091
600092
600093
600099
600102
600112
600125
600143
600160
600189
600197
600204
600208
600251
600274
600298
600406
600416
600450
600464
600560
600565
600651
600718
600722
600812
600880
600908
600919
601027
601074
601173
601208
601237
601295
601935
643643
653348
653350
660160
660163
690567
690638
690640
698430
698433
706118
706120
708752
708755
716443
716447
724162
724166
731967
731970
734787
734790
742495
742498
748879
748941
748954
753899
753901
757321
757323
760007
760010
763457
763459
766721
766724
770049
770051
773680
773682
774070
774072
777701
777703
781226
781228
786077
786079
788267
788269
793940
793942
800841
800863
803343
803347
803434
803437
803442
803445
803462
803498
803613
803620
804408
804411
810806
810808
818148
818150
818767
818769
828717
828720
837756
837759
846314
846316
854922
854924
855817
855820
864244
864247
872852
872855
878492
878496
